100
1
19
23
901
999999
100000
999989
7
101001
456789
876543
30
100
109876
999000
900001
900
11101
12
101000
99001
102
1000
11001
1101
131072
199
999991
11100
2002
11011
999899
200
32
11111
4096
1998
91
110
32
101
10000
2000
777777
10110
10100
999001
31
11010
10101
900000
99
11110
11000
99000
201
899999
10
999
1110
29
1099
12000
11
10111
12001
2001
111
20
789012
2101
22
2100
1000000
100001
2201
9
10011
998999
999990
10999
999998
90
990001
1100
9999
2200
999901
989999
64
999900
21
1111
1999
990000
10010
10001
543210
1001
19
