100
1
19
23
1101
11101
110
876543
11011
100001
131072
2200
11
20
1111
2201
90
2000
32
99001
101000
21
900
1001
899999
2101
10110
31
900000
999990
256
999899
990000
99
9
100
1100
999001
32
11001
1999
10101
30
1110
29
1000
22
1998
2002
102
10111
990001
890123
91
10100
1000000
999
12
999999
9999
987654
12000
11110
10010
101
201
11000
11010
77777
200
10001
900001
111
999900
2001
524288
999901
11111
100000
101001
999998
10000
109876
654321
989999
99000
998999
10999
12001
999989
10
999991
199
11100
2100
1099
10011
128
19
999000
901
